0.5 8.43750418618714 9.01571689346896 11.4862889523244 11.7375379843682 12.7827917206111 13.7721877293365
0.6 8.85085057679391 9.02015846710823 11.9440883561060 12.0476840257608 13.5929639287394 14.0225820681285 14.1215133658049
0.7 8.58949956765425 9.43484091324483 12.2031198854530 12.2587198046967 13.1709783983601 13.5541315891354 15.3611341623144
0.8 8.28468143604575 9.64750120399228 12.0981189318903 12.3221110212075 13.0416501985589 13.1437173608814 15.0291489159233
0.9 7.95906883070485 9.68452287076210 11.8177781812458 12.2662742768005 12.8001944808121 13.0397586336073 15.2696616151082
1.0 7.62355705195636 9.58771282626629 11.5478526779269 12.1193991658424 12.5135304942904 12.9963529022837 14.4591837990410 
1.1 7.28228906240081 9.39630128110421 11.3052986753542 11.8792023577265 12.2767750675056 12.8847568183698 14.0280626182652 
1.2 6.93634269615274 9.14226634594759 11.0478583507732 11.5206977700549 12.0910521279638 12.7095944070188 13.5537848719105
1.3 6.58666949796013 8.84969142178096 10.7124833961300 11.0266757160398 11.9560956659251 12.4750278158029 13.0586830509792
1.4 6.23493063284222 8.53572400788854 10.2501242547631 10.4023355861161 11.8698638677071 12.2039503293873 12.5592518778734
1.5 5.88315236229498 8.21225994993589 9.67093782327657 9.67230265342521 11.8215730194742 11.9495365789338 12.0651245765778
1.6 5.53315184249347 7.88756178692542 8.86692117177187 9.03207679803230 11.5815107496697 11.7328313334523 11.7706311321358
1.7 5.18643721062660 7.56756572478199 8.01349871960715 8.38574841605685 11.5390364876231
1.8 4.84456598882148 7.13687886255406 7.25678766261907 7.76260026179216 11.3504204555319
1.9 4.50970535421907 6.26243906315093 6.95919774506628 7.17850079826356 10.6201484837870
2.0 4.18487564194045 5.41627722551268 6.64184572069121 6.67852621293527 9.79944749936814 9.83904535952706
2.1 3.87420156322096 4.62298154524261 6.15788160591384 6.41866562991850 9.14049150152784 9.21801382304012
2.2 3.58300272715231 3.90388167915414 5.73086908606191 6.18371678881418 8.52669188161727 8.71018757412068
2.3 3.27700169928095 3.31798446930499 5.36529660631613 5.97817843632758 8.00047399643459 8.27532795887285
2.4 2.75745573922053 3.08691449334795 5.06590865007654 5.80661392508023 7.56552915122950 7.90645775826458
2.5 2.35808475375184 2.89819322400088 4.83775616263069 5.67348826792991 7.22632375196821 7.59318816138290
2.6 2.08620930572915 2.75845665555692 4.68389028064755 5.58147558980731 6.98539479075280 7.32352969853933
2.7 1.93760978114635 2.66900150191033 4.60196232436873 5.52881337484371 6.83904421795918 7.08947556441066
2.8 1.89269450330965 2.62344459140477 4.58195779716362 5.50805724904547 6.77436874830711 6.89037645187124
2.9 1.92118670378439 2.60975010721052 4.60836670641749 5.50814554510526 6.72704167484059 6.77122969132917
3.0 1.99269322135884 2.61506142675647 4.66541900389803 5.51901353342868 6.59712641904680 6.75515951168823 6.80846569311590
