0.5 5.423011 8.031647 10.435716 10.871842 12.826065 13.570718 13.992522
0.6 6.353478 7.980001 10.721170 11.174976 13.137341 13.564833 13.668743
0.7 7.028818 7.818765 10.880188 11.153455 12.978501 13.214144 14.339893
0.8 7.438851 7.602946 10.888023 10.902412 12.930412 12.956750 14.777333
0.9 7.358014 7.630819 10.610805 10.813442 12.666395 12.898967 14.655842
1.0 7.098099 7.660263 10.324955 10.696291 12.371107 12.727458 14.417005 
1.1 6.831874 7.575782 10.012217 10.547164 11.989711 12.393868 14.162560
1.2 6.563196 7.415201 9.586464 10.338176 11.480683 11.898527 13.893032
1.3 6.293309 7.205670 8.978141 9.976884 10.942833 11.389816 13.610059
1.4 6.025199 6.967454 8.181981 9.299278 10.609949 11.010081 13.31673
1.5 5.759148 6.712663 7.277059 8.407576 10.467002 10.763864 13.016334 
1.6 5.497192 6.337769 6.450500 6.450500 7.455844 10.411008 10.609928 12.712824 
1.7 5.239849 5.419868 6.185721 6.185721 6.524314 10.380138 10.502520 12.409407 
1.8 4.557732 4.991184 5.658439 5.927075 10.259359 10.384154 11.780088 12.111064
1.9 3.746126 4.740767 4.861847 5.662217 9.885390 10.184787 11.239102 11.816190
2.0 2.983328 4.131342 4.492694 5.397222 9.456017 10.021342 10.789326 11.245187
2.1 2.243746 3.433654 4.252303 5.139244 8.576805 9.437140 10.793328 10.848269
2.2 1.510749 2.802534 4.019224 4.887372 7.741648 8.663701 10.639704 10.912137
2.3 0.654169 2.232959 3.794618 4.642281 6.996686 7.931433 10.534516 10.740613
2.4 NaN 1.707275 3.580469 4.405433 6.309644 7.244001 10.425308 10.506786
2.5 NaN 1.208983 3.379850 4.179366 5.682621 6.613707 10.290243 10.290243
2.6 NaN 0.698799 3.194062 3.964228 5.107363 6.036671 10.092440 10.092440
2.7 NaN NaN 3.021744 3.756617 4.577346 5.494869 9.914659 
2.8 NaN NaN 2.869531 3.562931 4.098409 5.002711 9.761584 
2.9 NaN NaN 2.738404 3.382569 3.669997 4.554498 9.637729 
3.0 NaN NaN 2.632378 3.218655 3.296503 4.156252 9.551375 
